{
 "cells": [
  {
   "cell_type": "code",
   "execution_count": 1,
   "metadata": {},
   "outputs": [],
   "source": [
    "## script to recover parameters for all 3 models for the new dimension learning task ## \n",
    "\n",
    "# get packages\n",
    "import pickle\n",
    "import pandas as pd\n",
    "import numpy as np\n",
    "import matplotlib.pyplot as plt\n",
    "import seaborn as sns\n",
    "\n",
    "# get scripts\n",
    "import models.FRL as FRL\n",
    "import models.CAFRL as CAFRL\n",
    "import models.SAFRL as SAFRL\n",
    "import models.CAFRL_A as CAFRL_A\n",
    "import models.SAFRL_A as SAFRL_A\n",
    "import scripts.modelling as modelling\n",
    "\n",
    "# initialise lists and variables\n",
    "models = [CAFRL, SAFRL, CAFRL_A, SAFRL_A]\n",
    "param_names = ['alpha', 'beta', 'theta0', 'epsilon']\n",
    "param_names_2 = ['alpha', 'beta', 'gamma']\n",
    "param_names_3 = ['alpha', 'beta', 'epsilon', 'gamma']\n",
    "transforms = ['sigmoid', 'exp', None, 'sigmoid']\n",
    "transforms_2 = ['sigmoid', 'exp', 'sigmoid', 'sigmoid']\n",
    "nP_model = [3, 4, 3, 4]\n",
    "\n",
    "# how many participants do you want to sim\n",
    "n = 500\n",
    "\n",
    "# load fits to simulate from\n",
    "with open('data/modelling/fits/frl/all_!2.pkl', 'rb') as f:\n",
    "    frl = pickle.load(f)\n",
    "with open('data/modelling/fits/cafrl/all_!2.pkl', 'rb') as f:\n",
    "    cafrl = pickle.load(f)\n",
    "with open('data/modelling/fits/safrl/all_!2.pkl', 'rb') as f:\n",
    "    safrl = pickle.load(f)\n",
    "with open('data/modelling/fits/cafrl_A/all_!2.pkl', 'rb') as f:\n",
    "    cafrl_A = pickle.load(f)\n",
    "with open('data/modelling/fits/safrl_A/all_!2.pkl', 'rb') as f:\n",
    "    safrl_A = pickle.load(f)\n",
    "\n",
    "# lists of means and covariance matrices\n",
    "frl_u, cafrl_u, safrl_u, cafrl_A_u, safrl_A_u =  frl['u'], cafrl['u'], safrl['u'], cafrl_A['u'], safrl_A['u']\n",
    "frl_v2, cafrl_v2, safrl_v2, cafrl_A_v2, safrl_A_v2 =  frl['v2'], cafrl['v2'], safrl['v2'], cafrl_A['v2'], safrl_A['v2']\n",
    "m_list = [cafrl_u, safrl_u,  cafrl_A_u, safrl_A_u]\n",
    "v2_list = [cafrl_v2, safrl_v2, cafrl_A_v2, safrl_A_v2]\n"
   ]
  },
  {
   "cell_type": "code",
   "execution_count": 2,
   "metadata": {},
   "outputs": [
    {
     "name": "stderr",
     "output_type": "stream",
     "text": [
      "Participant: 500it [08:42,  1.05s/it]"
     ]
    },
    {
     "name": "stdout",
     "output_type": "stream",
     "text": [
      "Iteration: 3 [-1.52115618  0.37872987 -0.6019391  -0.47871381] [[ 0.61686672 -0.39298223  0.15181103  0.13846616]\n",
      " [-0.39298223  0.29481201 -0.10109193 -0.09655395]\n",
      " [ 0.15181103 -0.10109193  0.15305573  0.03684142]\n",
      " [ 0.13846616 -0.09655395  0.03684142  0.15753399]]\n"
     ]
    },
    {
     "name": "stderr",
     "output_type": "stream",
     "text": [
      "\n",
      "Participant: 500it [08:09,  1.02it/s]"
     ]
    },
    {
     "name": "stdout",
     "output_type": "stream",
     "text": [
      "Iteration: 4 [-1.70249346  0.52920487 -0.69439834 -0.54200087] [[ 0.82380953 -0.58458319  0.24313897  0.19904347]\n",
      " [-0.58458319  0.45346361 -0.17668859 -0.14962962]\n",
      " [ 0.24313897 -0.17668859  0.18874848  0.06170246]\n",
      " [ 0.19904347 -0.14962962  0.06170246  0.17545828]]\n"
     ]
    },
    {
     "name": "stderr",
     "output_type": "stream",
     "text": [
      "\n",
      "Participant: 500it [07:24,  1.12it/s]"
     ]
    },
    {
     "name": "stdout",
     "output_type": "stream",
     "text": [
      "Iteration: 5 [-1.79812316  0.6188421  -0.75877864 -0.57819677] [[ 1.05754108 -0.79274551  0.34624996  0.26440384]\n",
      " [-0.79274551  0.62827136 -0.26352013 -0.20619852]\n",
      " [ 0.34624996 -0.26352013  0.23173471  0.08856767]\n",
      " [ 0.26440384 -0.20619852  0.08856767  0.19337533]]\n"
     ]
    },
    {
     "name": "stderr",
     "output_type": "stream",
     "text": [
      "\n",
      "Participant: 500it [07:08,  1.17it/s]"
     ]
    },
    {
     "name": "stdout",
     "output_type": "stream",
     "text": [
      "Iteration: 6 [-1.84930088  0.67075771 -0.79966911 -0.59839965] [[ 1.22073461 -0.94201591  0.42188976  0.30959603]\n",
      " [-0.94201591  0.7572512  -0.32953875 -0.24627269]\n",
      " [ 0.42188976 -0.32953875  0.26427328  0.10850465]\n",
      " [ 0.30959603 -0.24627269  0.10850465  0.20619958]]\n"
     ]
    },
    {
     "name": "stderr",
     "output_type": "stream",
     "text": [
      "\n",
      "Participant: 500it [06:44,  1.23it/s]"
     ]
    },
    {
     "name": "stdout",
     "output_type": "stream",
     "text": [
      "Iteration: 7 [-1.87009182  0.69440316 -0.823108   -0.60793965] [[ 1.29656741 -1.01635039  0.46366549  0.32893315]\n",
      " [-1.01635039  0.82419286 -0.3668489  -0.26453245]\n",
      " [ 0.46366549 -0.3668489   0.28581552  0.11972942]\n",
      " [ 0.32893315 -0.26453245  0.11972942  0.21053536]]\n"
     ]
    },
    {
     "name": "stderr",
     "output_type": "stream",
     "text": [
      "\n",
      "Participant: 500it [06:46,  1.23it/s]"
     ]
    },
    {
     "name": "stdout",
     "output_type": "stream",
     "text": [
      "Iteration: 8 [-1.88239026  0.70810295 -0.83935069 -0.61390051] [[ 1.34002183 -1.06121305  0.49080947  0.33769253]\n",
      " [-1.06121305  0.86569975 -0.39176772 -0.27385662]\n",
      " [ 0.49080947 -0.39176772  0.30068742  0.12565067]\n",
      " [ 0.33769253 -0.27385662  0.12565067  0.21415388]]\n"
     ]
    },
    {
     "name": "stderr",
     "output_type": "stream",
     "text": [
      "\n",
      "Participant: 500it [06:33,  1.27it/s]"
     ]
    },
    {
     "name": "stdout",
     "output_type": "stream",
     "text": [
      "Iteration: 9 [-1.88724361  0.71390455 -0.85001866 -0.61695252] [[ 1.35423944 -1.07888108  0.50481082  0.33826599]\n",
      " [-1.07888108  0.88299118 -0.40485792 -0.2757328 ]\n",
      " [ 0.50481082 -0.40485792  0.31121656  0.12651158]\n",
      " [ 0.33826599 -0.2757328   0.12651158  0.22020869]]\n"
     ]
    },
    {
     "name": "stderr",
     "output_type": "stream",
     "text": [
      "\n",
      "Participant: 500it [06:40,  1.25it/s]"
     ]
    },
    {
     "name": "stdout",
     "output_type": "stream",
     "text": [
      "Iteration: 10 [-1.88800796  0.71532008 -0.85751694 -0.61836008] [[ 1.36010628 -1.08760103  0.51290384  0.33579304]\n",
      " [-1.08760103  0.89177113 -0.41257887 -0.27446371]\n",
      " [ 0.51290384 -0.41257887  0.31771249  0.12650907]\n",
      " [ 0.33579304 -0.27446371  0.12650907  0.21921963]]\n"
     ]
    },
    {
     "name": "stderr",
     "output_type": "stream",
     "text": [
      "\n",
      "Participant: 500it [06:31,  1.28it/s]"
     ]
    },
    {
     "name": "stdout",
     "output_type": "stream",
     "text": [
      "Iteration: 11 [-1.88782399  0.71543685 -0.86349501 -0.61915268] [[ 1.36141514 -1.09084203  0.51887243  0.33165585]\n",
      " [-1.09084203  0.89508109 -0.41786584 -0.27146743]\n",
      " [ 0.51887243 -0.41786584  0.32352021  0.12573488]\n",
      " [ 0.33165585 -0.27146743  0.12573488  0.22173462]]\n"
     ]
    },
    {
     "name": "stderr",
     "output_type": "stream",
     "text": [
      "\n",
      "Participant: 500it [06:18,  1.32it/s]"
     ]
    },
    {
     "name": "stdout",
     "output_type": "stream",
     "text": [
      "Iteration: 12 [-1.88709375  0.71487527 -0.86840891 -0.6196132 ] [[ 1.3656005  -1.09505131  0.53099006  0.32678375]\n",
      " [-1.09505131  0.8983232  -0.42700225 -0.2676862 ]\n",
      " [ 0.53099006 -0.42700225  0.33886389  0.12530589]\n",
      " [ 0.32678375 -0.2676862   0.12530589  0.22112373]]\n"
     ]
    },
    {
     "name": "stderr",
     "output_type": "stream",
     "text": [
      "\n",
      "Participant: 500it [06:27,  1.29it/s]"
     ]
    },
    {
     "name": "stdout",
     "output_type": "stream",
     "text": [
      "Iteration: 13 [-1.88574026  0.71374704 -0.87254823 -0.61970041] [[ 1.37255159 -1.1009187   0.54753562  0.33057596]\n",
      " [-1.1009187   0.90258315 -0.43952204 -0.2699541 ]\n",
      " [ 0.54753562 -0.43952204  0.36130576  0.13589281]\n",
      " [ 0.33057596 -0.2699541   0.13589281  0.23308285]]\n"
     ]
    },
    {
     "name": "stderr",
     "output_type": "stream",
     "text": [
      "\n",
      "Participant: 500it [06:44,  1.24it/s]"
     ]
    },
    {
     "name": "stdout",
     "output_type": "stream",
     "text": [
      "Iteration: 14 [-1.88736145  0.71520421 -0.8769464  -0.62071055] [[ 1.36618489 -1.09727455  0.54702492  0.32255306]\n",
      " [-1.09727455  0.90011874 -0.43977385 -0.26367257]\n",
      " [ 0.54702492 -0.43977385  0.36349504  0.13196001]\n",
      " [ 0.32255306 -0.26367257  0.13196001  0.23544334]]\n"
     ]
    },
    {
     "name": "stderr",
     "output_type": "stream",
     "text": [
      "\n",
      "Participant: 500it [06:39,  1.25it/s]"
     ]
    },
    {
     "name": "stdout",
     "output_type": "stream",
     "text": [
      "Iteration: 15 [-1.88721248  0.71504782 -0.88014576 -0.62115025] [[ 1.36111186 -1.09434294  0.54834691  0.31352592]\n",
      " [-1.09434294  0.89806871 -0.44144189 -0.25655826]\n",
      " [ 0.54834691 -0.44144189  0.36964864  0.12971479]\n",
      " [ 0.31352592 -0.25655826  0.12971479  0.2357133 ]]\n"
     ]
    },
    {
     "name": "stderr",
     "output_type": "stream",
     "text": [
      "\n",
      "Participant: 500it [06:44,  1.24it/s]"
     ]
    },
    {
     "name": "stdout",
     "output_type": "stream",
     "text": [
      "Iteration: 16 [-1.88688696  0.71466034 -0.88294545 -0.62147687] [[ 1.36340678 -1.09664081  0.55555166  0.30727351]\n",
      " [-1.09664081  0.89993481 -0.44676791 -0.25192564]\n",
      " [ 0.55555166 -0.44676791  0.38656588  0.1264911 ]\n",
      " [ 0.30727351 -0.25192564  0.1264911   0.24194401]]\n"
     ]
    },
    {
     "name": "stderr",
     "output_type": "stream",
     "text": [
      "\n",
      "Participant: 500it [06:35,  1.26it/s]"
     ]
    },
    {
     "name": "stdout",
     "output_type": "stream",
     "text": [
      "Iteration: 17 [-1.88964077  0.71684168 -0.88662731 -0.62236476] [[ 1.36758443 -1.09973165  0.56004686  0.30185867]\n",
      " [-1.09973165  0.90180859 -0.45008567 -0.24766603]\n",
      " [ 0.56004686 -0.45008567  0.39531663  0.12646984]\n",
      " [ 0.30185867 -0.24766603  0.12646984  0.24878853]]\n"
     ]
    },
    {
     "name": "stderr",
     "output_type": "stream",
     "text": [
      "\n",
      "Participant: 500it [06:32,  1.27it/s]"
     ]
    },
    {
     "name": "stdout",
     "output_type": "stream",
     "text": [
      "Iteration: 18 [-1.88947509  0.71674201 -0.88884965 -0.62258975] [[ 1.36875366 -1.10079287  0.56300652  0.2957141 ]\n",
      " [-1.10079287  0.90249439 -0.45258154 -0.24252548]\n",
      " [ 0.56300652 -0.45258154  0.40302208  0.12302401]\n",
      " [ 0.2957141  -0.24252548  0.12302401  0.25536614]]\n"
     ]
    },
    {
     "name": "stderr",
     "output_type": "stream",
     "text": [
      "\n",
      "Participant: 500it [06:32,  1.27it/s]"
     ]
    },
    {
     "name": "stdout",
     "output_type": "stream",
     "text": [
      "Iteration: 19 [-1.8891603   0.71652721 -0.89079352 -0.62277382] [[ 1.37315374 -1.10385204  0.57509073  0.2901693 ]\n",
      " [-1.10385204  0.90424674 -0.46119246 -0.23786134]\n",
      " [ 0.57509073 -0.46119246  0.42935759  0.12138586]\n",
      " [ 0.2901693  -0.23786134  0.12138586  0.25939309]]\n"
     ]
    },
    {
     "name": "stderr",
     "output_type": "stream",
     "text": [
      "\n",
      "Participant: 500it [06:27,  1.29it/s]"
     ]
    },
    {
     "name": "stdout",
     "output_type": "stream",
     "text": [
      "Iteration: 20 [-1.89004192  0.71734649 -0.89320126 -0.62311063] [[ 1.36678576 -1.09841781  0.57305207  0.28011689]\n",
      " [-1.09841781  0.89927248 -0.45984267 -0.22970762]\n",
      " [ 0.57305207 -0.45984267  0.4293091   0.116799  ]\n",
      " [ 0.28011689 -0.22970762  0.116799    0.26036051]]\n"
     ]
    },
    {
     "name": "stderr",
     "output_type": "stream",
     "text": [
      "\n",
      "Participant: 500it [06:25,  1.30it/s]"
     ]
    },
    {
     "name": "stdout",
     "output_type": "stream",
     "text": [
      "Iteration: 21 [-1.88955786  0.71704207 -0.89479129 -0.62314224] [[ 1.36992898 -1.10065376  0.57555956  0.27095699]\n",
      " [-1.10065376  0.90057986 -0.46192567 -0.22225819]\n",
      " [ 0.57555956 -0.46192567  0.43267681  0.11218607]\n",
      " [ 0.27095699 -0.22225819  0.11218607  0.26133662]]\n"
     ]
    },
    {
     "name": "stderr",
     "output_type": "stream",
     "text": [
      "\n",
      "Participant: 500it [06:23,  1.30it/s]"
     ]
    },
    {
     "name": "stdout",
     "output_type": "stream",
     "text": [
      "Iteration: 22 [-1.88925801  0.71692832 -0.89617613 -0.62318142] [[ 1.37343027 -1.10320782  0.57850353  0.26241858]\n",
      " [-1.10320782  0.90231806 -0.46381474 -0.21527664]\n",
      " [ 0.57850353 -0.46381474  0.44685539  0.11091353]\n",
      " [ 0.26241858 -0.21527664  0.11091353  0.2714591 ]]\n"
     ]
    },
    {
     "name": "stderr",
     "output_type": "stream",
     "text": [
      "\n",
      "Participant: 500it [06:16,  1.33it/s]"
     ]
    },
    {
     "name": "stdout",
     "output_type": "stream",
     "text": [
      "Iteration: 23 [-1.89186019  0.71920779 -0.89869529 -0.62392733] [[ 1.3703183  -1.1011417   0.57544497  0.25196393]\n",
      " [-1.1011417   0.90070063 -0.46179708 -0.20668218]\n",
      " [ 0.57544497 -0.46179708  0.44316604  0.10599443]\n",
      " [ 0.25196393 -0.20668218  0.10599443  0.27215818]]\n"
     ]
    },
    {
     "name": "stderr",
     "output_type": "stream",
     "text": [
      "\n",
      "Participant: 500it [06:22,  1.31it/s]"
     ]
    },
    {
     "name": "stdout",
     "output_type": "stream",
     "text": [
      "Iteration: 24 [-1.89235659  0.71970526 -0.90008912 -0.62422942] [[ 1.37700055 -1.10618306  0.57973322  0.24405313]\n",
      " [-1.10618306  0.90430036 -0.46506521 -0.20018229]\n",
      " [ 0.57973322 -0.46506521  0.45171519  0.09970456]\n",
      " [ 0.24405313 -0.20018229  0.09970456  0.27570938]]\n"
     ]
    },
    {
     "name": "stderr",
     "output_type": "stream",
     "text": [
      "\n",
      "Participant: 500it [06:27,  1.29it/s]"
     ]
    },
    {
     "name": "stdout",
     "output_type": "stream",
     "text": [
      "Iteration: 25 [-1.89229516  0.71981409 -0.90112233 -0.62438549] [[ 1.37929873 -1.10612221  0.5748848   0.23856059]\n",
      " [-1.10612221  0.90303815 -0.46249065 -0.19402992]\n",
      " [ 0.5748848  -0.46249065  0.45876194  0.09267574]\n",
      " [ 0.23856059 -0.19402992  0.09267574  0.2901685 ]]\n"
     ]
    },
    {
     "name": "stderr",
     "output_type": "stream",
     "text": [
      "\n",
      "Participant: 500it [06:20,  1.32it/s]"
     ]
    },
    {
     "name": "stdout",
     "output_type": "stream",
     "text": [
      "Iteration: 26 [-1.89238888  0.72025407 -0.90278346 -0.62492195] [[ 1.37994558 -1.10681147  0.57472353  0.22824641]\n",
      " [-1.10681147  0.90347377 -0.46235822 -0.1856751 ]\n",
      " [ 0.57472353 -0.46235822  0.45966309  0.08668352]\n",
      " [ 0.22824641 -0.1856751   0.08668352  0.29521552]]\n"
     ]
    },
    {
     "name": "stderr",
     "output_type": "stream",
     "text": [
      "\n",
      "Participant: 500it [06:27,  1.29it/s]"
     ]
    },
    {
     "name": "stdout",
     "output_type": "stream",
     "text": [
      "Iteration: 27 [-1.89535033  0.72279489 -0.9050861  -0.62549272] [[ 1.38249777 -1.10882195  0.57736183  0.22036529]\n",
      " [-1.10882195  0.90516925 -0.46603769 -0.17991329]\n",
      " [ 0.57736183 -0.46603769  0.47637807  0.08661558]\n",
      " [ 0.22036529 -0.17991329  0.08661558  0.31043033]]\n"
     ]
    },
    {
     "name": "stderr",
     "output_type": "stream",
     "text": [
      "\n",
      "Participant: 500it [06:31,  1.28it/s]"
     ]
    },
    {
     "name": "stdout",
     "output_type": "stream",
     "text": [
      "Iteration: 28 [-1.89623037  0.72368908 -0.90666912 -0.62587032] [[ 1.39601998 -1.11822621  0.58746555  0.21240859]\n",
      " [-1.11822621  0.91142373 -0.4731361  -0.17291686]\n",
      " [ 0.58746555 -0.4731361   0.49027195  0.08717475]\n",
      " [ 0.21240859 -0.17291686  0.08717475  0.31291311]]\n"
     ]
    },
    {
     "name": "stderr",
     "output_type": "stream",
     "text": [
      "\n",
      "Participant: 500it [06:18,  1.32it/s]"
     ]
    },
    {
     "name": "stdout",
     "output_type": "stream",
     "text": [
      "Iteration: 29 [-1.89559007  0.72351009 -0.90735538 -0.62604039] [[ 1.37919292 -1.10457671  0.58286722  0.19639757]\n",
      " [-1.10457671  0.90010385 -0.46940419 -0.1600698 ]\n",
      " [ 0.58286722 -0.46940419  0.48720509  0.07950323]\n",
      " [ 0.19639757 -0.1600698   0.07950323  0.32079828]]\n"
     ]
    },
    {
     "name": "stderr",
     "output_type": "stream",
     "text": [
      "\n",
      "Participant: 500it [06:50,  1.22it/s]"
     ]
    },
    {
     "name": "stdout",
     "output_type": "stream",
     "text": [
      "Iteration: 30 [-1.89456426  0.72284228 -0.90772481 -0.62630155] [[ 1.37791262 -1.10374498  0.58145266  0.18199799]\n",
      " [-1.10374498  0.89937217 -0.46874709 -0.14839789]\n",
      " [ 0.58145266 -0.46874709  0.48802497  0.07389376]\n",
      " [ 0.18199799 -0.14839789  0.07389376  0.33304869]]\n"
     ]
    },
    {
     "name": "stderr",
     "output_type": "stream",
     "text": [
      "\n",
      "Participant: 500it [06:29,  1.28it/s]"
     ]
    },
    {
     "name": "stdout",
     "output_type": "stream",
     "text": [
      "Iteration: 31 [-1.89463125  0.72303046 -0.9084849  -0.62689996] [[ 1.38188442 -1.10678668  0.58668141  0.1695305 ]\n",
      " [-1.10678668  0.90150994 -0.47261862 -0.13823527]\n",
      " [ 0.58668141 -0.47261862  0.5016092   0.0684616 ]\n",
      " [ 0.1695305  -0.13823527  0.0684616   0.33952758]]\n"
     ]
    },
    {
     "name": "stderr",
     "output_type": "stream",
     "text": [
      "\n",
      "Participant: 500it [06:28,  1.29it/s]"
     ]
    },
    {
     "name": "stdout",
     "output_type": "stream",
     "text": [
      "Iteration: 32 [-1.89443604  0.72302867 -0.90910246 -0.62748177] [[ 1.38126617 -1.10626085  0.58666044  0.15653715]\n",
      " [-1.10626085  0.90091011 -0.47267244 -0.12745852]\n",
      " [ 0.58666044 -0.47267244  0.50213769  0.06028552]\n",
      " [ 0.15653715 -0.12745852  0.06028552  0.34799692]]\n"
     ]
    },
    {
     "name": "stderr",
     "output_type": "stream",
     "text": [
      "\n",
      "Participant: 500it [06:39,  1.25it/s]"
     ]
    },
    {
     "name": "stdout",
     "output_type": "stream",
     "text": [
      "Iteration: 33 [-1.89433859  0.72308811 -0.90959134 -0.62814339] [[ 1.3850838  -1.10907842  0.5916111   0.14216805]\n",
      " [-1.10907842  0.90282679 -0.47641369 -0.11580865]\n",
      " [ 0.5916111  -0.47641369  0.50683387  0.0506107 ]\n",
      " [ 0.14216805 -0.11580865  0.0506107   0.35207928]]\n"
     ]
    },
    {
     "name": "stderr",
     "output_type": "stream",
     "text": [
      "\n",
      "Participant: 500it [06:27,  1.29it/s]"
     ]
    },
    {
     "name": "stdout",
     "output_type": "stream",
     "text": [
      "Iteration: 34 [-1.89409797  0.72305015 -0.90970395 -0.62871071] [[ 1.38689387 -1.11062639  0.59435412  0.12383585]\n",
      " [-1.11062639  0.90400151 -0.47855615 -0.10113812]\n",
      " [ 0.59435412 -0.47855615  0.52101254  0.04758554]\n",
      " [ 0.12383585 -0.10113812  0.04758554  0.37390463]]\n"
     ]
    },
    {
     "name": "stderr",
     "output_type": "stream",
     "text": [
      "\n",
      "Participant: 500it [06:43,  1.24it/s]"
     ]
    },
    {
     "name": "stdout",
     "output_type": "stream",
     "text": [
      "Iteration: 35 [-1.89426553  0.72334973 -0.91022312 -0.62963873] [[ 1.38326595 -1.1070589   0.59588434  0.10835466]\n",
      " [-1.1070589   0.90087375 -0.47899311 -0.08740336]\n",
      " [ 0.59588434 -0.47899311  0.5240976   0.04610885]\n",
      " [ 0.10835466 -0.08740336  0.04610885  0.39011188]]\n"
     ]
    },
    {
     "name": "stderr",
     "output_type": "stream",
     "text": [
      "\n",
      "Participant: 500it [07:03,  1.18it/s]"
     ]
    },
    {
     "name": "stdout",
     "output_type": "stream",
     "text": [
      "Iteration: 36 [-1.8936852   0.72303015 -0.91033953 -0.63088684] [[ 1.38040109 -1.1045795   0.59101574  0.09019381]\n",
      " [-1.1045795   0.8985445  -0.4754274  -0.07266856]\n",
      " [ 0.59101574 -0.4754274   0.51774106  0.03493811]\n",
      " [ 0.09019381 -0.07266856  0.03493811  0.39567552]]\n"
     ]
    },
    {
     "name": "stderr",
     "output_type": "stream",
     "text": [
      "\n",
      "Participant: 500it [06:47,  1.23it/s]"
     ]
    },
    {
     "name": "stdout",
     "output_type": "stream",
     "text": [
      "Iteration: 37 [-1.89372251  0.7232198  -0.91075335 -0.63214835] [[ 1.38513966 -1.10821656  0.59400587  0.0744961 ]\n",
      " [-1.10821656  0.90115059 -0.4778827  -0.06001447]\n",
      " [ 0.59400587 -0.4778827   0.51616608  0.02270273]\n",
      " [ 0.0744961  -0.06001447  0.02270273  0.40278412]]\n"
     ]
    },
    {
     "name": "stderr",
     "output_type": "stream",
     "text": [
      "\n",
      "Participant: 500it [06:35,  1.26it/s]"
     ]
    },
    {
     "name": "stdout",
     "output_type": "stream",
     "text": [
      "Iteration: 38 [-1.89370195  0.72339154 -0.91073223 -0.63326745] [[ 1.38882004 -1.11087737  0.59663553  0.05568456]\n",
      " [-1.11087737  0.90289619 -0.48004881 -0.04517249]\n",
      " [ 0.59663553 -0.48004881  0.51611526  0.01236688]\n",
      " [ 0.05568456 -0.04517249  0.01236688  0.41759216]]\n"
     ]
    },
    {
     "name": "stderr",
     "output_type": "stream",
     "text": [
      "\n",
      "Participant: 500it [06:36,  1.26it/s]"
     ]
    },
    {
     "name": "stdout",
     "output_type": "stream",
     "text": [
      "Iteration: 39 [-1.89369026  0.7236041  -0.91047849 -0.63441087] [[ 1.39230158 -1.11354452  0.60040215  0.03654065]\n",
      " [-1.11354452  0.90480182 -0.48303246 -0.02978637]\n",
      " [ 0.60040215 -0.48303246  0.51922906  0.00396087]\n",
      " [ 0.03654065 -0.02978637  0.00396087  0.43305523]]\n"
     ]
    },
    {
     "name": "stderr",
     "output_type": "stream",
     "text": [
      "\n",
      "Participant: 500it [06:56,  1.20it/s]"
     ]
    },
    {
     "name": "stdout",
     "output_type": "stream",
     "text": [
      "Iteration: 40 [-1.89368808  0.72383016 -0.91004824 -0.63563901] [[ 1.39866942 -1.1192936   0.60506681  0.01657894]\n",
      " [-1.1192936   0.90994265 -0.48749132 -0.01323419]\n",
      " [ 0.60506681 -0.48749132  0.52469697 -0.00910909]\n",
      " [ 0.01657894 -0.01323419 -0.00910909  0.44815716]]\n"
     ]
    },
    {
     "name": "stderr",
     "output_type": "stream",
     "text": [
      "\n",
      "Participant: 500it [06:40,  1.25it/s]"
     ]
    },
    {
     "name": "stdout",
     "output_type": "stream",
     "text": [
      "Iteration: 41 [-1.89441344  0.72461437 -0.90974661 -0.63687903] [[ 1.39399802 -1.11509149  0.60550793 -0.00397188]\n",
      " [-1.11509149  0.9061082  -0.48754107  0.00337561]\n",
      " [ 0.60550793 -0.48754107  0.52393666 -0.01927041]\n",
      " [-0.00397188  0.00337561 -0.01927041  0.45614793]]\n"
     ]
    },
    {
     "name": "stderr",
     "output_type": "stream",
     "text": [
      "\n",
      "Participant: 500it [06:40,  1.25it/s]"
     ]
    },
    {
     "name": "stdout",
     "output_type": "stream",
     "text": [
      "Iteration: 42 [-1.89405603  0.72450656 -0.90894763 -0.63805383] [[ 1.40054817 -1.12028     0.60795755 -0.02743029]\n",
      " [-1.12028     0.91007031 -0.48954376  0.02227409]\n",
      " [ 0.60795755 -0.48954376  0.52360151 -0.03571574]\n",
      " [-0.02743029  0.02227409 -0.03571574  0.47748181]]\n"
     ]
    },
    {
     "name": "stderr",
     "output_type": "stream",
     "text": [
      "\n",
      "Participant: 500it [06:37,  1.26it/s]"
     ]
    },
    {
     "name": "stdout",
     "output_type": "stream",
     "text": [
      "Iteration: 43 [-1.89435223  0.7249767  -0.90832986 -0.63917727] [[ 1.40007814 -1.11984439  0.60981006 -0.04920122]\n",
      " [-1.11984439  0.90963162 -0.4912135   0.04000885]\n",
      " [ 0.60981006 -0.4912135   0.52399221 -0.04762735]\n",
      " [-0.04920122  0.04000885 -0.04762735  0.48099843]]\n"
     ]
    },
    {
     "name": "stderr",
     "output_type": "stream",
     "text": [
      "\n",
      "Participant: 500it [06:38,  1.25it/s]"
     ]
    },
    {
     "name": "stdout",
     "output_type": "stream",
     "text": [
      "Iteration: 44 [-1.89447967  0.72528223 -0.90759974 -0.64008896] [[ 1.40283441 -1.12160984  0.61236821 -0.07204434]\n",
      " [-1.12160984  0.91056352 -0.49307924  0.05844592]\n",
      " [ 0.61236821 -0.49307924  0.52524037 -0.06244628]\n",
      " [-0.07204434  0.05844592 -0.06244628  0.49239023]]\n"
     ]
    },
    {
     "name": "stderr",
     "output_type": "stream",
     "text": [
      "\n",
      "Participant: 500it [06:37,  1.26it/s]"
     ]
    },
    {
     "name": "stdout",
     "output_type": "stream",
     "text": [
      "Iteration: 45 [-1.89442711  0.72547928 -0.90678115 -0.64081449] [[ 1.40515649 -1.12319282  0.6140109  -0.09420272]\n",
      " [-1.12319282  0.91145259 -0.49452366  0.07633113]\n",
      " [ 0.6140109  -0.49452366  0.52814238 -0.07835386]\n",
      " [-0.09420272  0.07633113 -0.07835386  0.5151617 ]]\n"
     ]
    },
    {
     "name": "stderr",
     "output_type": "stream",
     "text": [
      "\n",
      "Participant: 500it [06:29,  1.28it/s]"
     ]
    },
    {
     "name": "stdout",
     "output_type": "stream",
     "text": [
      "Iteration: 46 [-1.89446229  0.72577598 -0.9060419  -0.64151339] [[ 1.40810471 -1.12528808  0.61730686 -0.11843233]\n",
      " [-1.12528808  0.91276828 -0.49709544  0.0955775 ]\n",
      " [ 0.61730686 -0.49709544  0.52916725 -0.09275702]\n",
      " [-0.11843233  0.0955775  -0.09275702  0.53450175]]\n"
     ]
    },
    {
     "name": "stderr",
     "output_type": "stream",
     "text": [
      "\n",
      "Participant: 500it [06:44,  1.24it/s]"
     ]
    },
    {
     "name": "stdout",
     "output_type": "stream",
     "text": [
      "Iteration: 47 [-1.89444318  0.7260384  -0.90515673 -0.64211056] [[ 1.40975016 -1.12627549  0.62183988 -0.14670805]\n",
      " [-1.12627549  0.91323274 -0.50112338  0.11802774]\n",
      " [ 0.62183988 -0.50112338  0.53828844 -0.10870428]\n",
      " [-0.14670805  0.11802774 -0.10870428  0.55708851]]\n"
     ]
    },
    {
     "name": "stderr",
     "output_type": "stream",
     "text": [
      "\n",
      "Participant: 500it [06:34,  1.27it/s]"
     ]
    },
    {
     "name": "stdout",
     "output_type": "stream",
     "text": [
      "Iteration: 48 [-1.89449628  0.72637772 -0.90434965 -0.64259606] [[ 1.41733324 -1.13187937  0.62806375 -0.17519079]\n",
      " [-1.13187937  0.9172786  -0.50587265  0.14103433]\n",
      " [ 0.62806375 -0.50587265  0.54338757 -0.12369758]\n",
      " [-0.17519079  0.14103433 -0.12369758  0.58163358]]\n"
     ]
    },
    {
     "name": "stderr",
     "output_type": "stream",
     "text": [
      "\n",
      "Participant: 500it [06:56,  1.20it/s]"
     ]
    },
    {
     "name": "stdout",
     "output_type": "stream",
     "text": [
      "Iteration: 49 [-1.89454471  0.72675904 -0.90342081 -0.6429748 ] [[ 1.41552044 -1.12999149  0.63003978 -0.20259106]\n",
      " [-1.12999149  0.91528851 -0.50721284  0.16248941]\n",
      " [ 0.63003978 -0.50721284  0.54040182 -0.14202449]\n",
      " [-0.20259106  0.16248941 -0.14202449  0.61578573]]\n"
     ]
    },
    {
     "name": "stderr",
     "output_type": "stream",
     "text": [
      "\n",
      "Participant: 500it [07:15,  1.15it/s]"
     ]
    },
    {
     "name": "stdout",
     "output_type": "stream",
     "text": [
      "Iteration: 50 [-1.89413597  0.72675386 -0.90207695 -0.64340181] [[ 1.41948639 -1.13313113  0.6344181  -0.23339126]\n",
      " [-1.13313113  0.91778073 -0.51031497  0.18741833]\n",
      " [ 0.6344181  -0.51031497  0.54113275 -0.16015494]\n",
      " [-0.23339126  0.18741833 -0.16015494  0.63054806]]\n"
     ]
    },
    {
     "name": "stderr",
     "output_type": "stream",
     "text": [
      "\n",
      "Participant: 500it [06:41,  1.24it/s]"
     ]
    },
    {
     "name": "stdout",
     "output_type": "stream",
     "text": [
      "Iteration: 51 [-1.89429372  0.7271772  -0.90094704 -0.64331046] [[ 1.41928175 -1.13257839  0.63763754 -0.26172603]\n",
      " [-1.13257839  0.91690884 -0.51272928  0.20991277]\n",
      " [ 0.63763754 -0.51272928  0.5416518  -0.17932891]\n",
      " [-0.26172603  0.20991277 -0.17932891  0.64974649]]\n"
     ]
    },
    {
     "name": "stderr",
     "output_type": "stream",
     "text": [
      "\n",
      "Participant: 500it [06:37,  1.26it/s]"
     ]
    },
    {
     "name": "stdout",
     "output_type": "stream",
     "text": [
      "Iteration: 52 [-1.89412197  0.72732368 -0.89962335 -0.64292695] [[ 1.42367422 -1.13547268  0.64356143 -0.29203725]\n",
      " [-1.13547268  0.9186116  -0.51728988  0.23400779]\n",
      " [ 0.64356143 -0.51728988  0.54967223 -0.19907879]\n",
      " [-0.29203725  0.23400779 -0.19907879  0.67607251]]\n"
     ]
    },
    {
     "name": "stderr",
     "output_type": "stream",
     "text": [
      "\n",
      "Participant: 500it [06:46,  1.23it/s]"
     ]
    },
    {
     "name": "stdout",
     "output_type": "stream",
     "text": [
      "Iteration: 53 [-1.89396311  0.72752469 -0.89835482 -0.64225916] [[ 1.42719542 -1.13778865  0.64931086 -0.32068193]\n",
      " [-1.13778865  0.91994968 -0.5218059   0.25660191]\n",
      " [ 0.64931086 -0.5218059   0.55250622 -0.21926111]\n",
      " [-0.32068193  0.25660191 -0.21926111  0.69630188]]\n"
     ]
    },
    {
     "name": "stderr",
     "output_type": "stream",
     "text": [
      "\n",
      "Participant: 500it [06:41,  1.24it/s]"
     ]
    },
    {
     "name": "stdout",
     "output_type": "stream",
     "text": [
      "Iteration: 54 [-1.8937846   0.72771412 -0.89696875 -0.641237  ] [[ 1.42803478 -1.13789489  0.65453001 -0.3534643 ]\n",
      " [-1.13789489  0.91948402 -0.52583175  0.28258973]\n",
      " [ 0.65453001 -0.52583175  0.5545265  -0.23649719]\n",
      " [-0.3534643   0.28258973 -0.23649719  0.72250297]]\n"
     ]
    },
    {
     "name": "stderr",
     "output_type": "stream",
     "text": [
      "\n",
      "Participant: 500it [06:33,  1.27it/s]"
     ]
    },
    {
     "name": "stdout",
     "output_type": "stream",
     "text": [
      "Iteration: 55 [-1.89354391  0.72784575 -0.89545391 -0.63999997] [[ 1.43160447 -1.140332    0.66228179 -0.38640548]\n",
      " [-1.140332    0.92104766 -0.53205325  0.30891632]\n",
      " [ 0.66228179 -0.53205325  0.56033401 -0.25713467]\n",
      " [-0.38640548  0.30891632 -0.25713467  0.74502834]]\n"
     ]
    },
    {
     "name": "stderr",
     "output_type": "stream",
     "text": [
      "\n",
      "Participant: 500it [06:29,  1.28it/s]"
     ]
    },
    {
     "name": "stdout",
     "output_type": "stream",
     "text": [
      "Iteration: 56 [-1.89344552  0.7280851  -0.89388449 -0.63837557] [[ 1.44039877 -1.14711675  0.67005533 -0.42128919]\n",
      " [-1.14711675  0.92620861 -0.53823235  0.336505  ]\n",
      " [ 0.67005533 -0.53823235  0.56309361 -0.27691047]\n",
      " [-0.42128919  0.336505   -0.27691047  0.77043037]]\n"
     ]
    },
    {
     "name": "stderr",
     "output_type": "stream",
     "text": [
      "\n",
      "Participant: 500it [06:43,  1.24it/s]"
     ]
    },
    {
     "name": "stdout",
     "output_type": "stream",
     "text": [
      "Iteration: 57 [-1.8938045   0.72870347 -0.89243175 -0.6362207 ] [[ 1.44171322 -1.14781579  0.67499097 -0.45581604]\n",
      " [-1.14781579  0.92641081 -0.5419913   0.36389665]\n",
      " [ 0.67499097 -0.5419913   0.56584507 -0.29828198]\n",
      " [-0.45581604  0.36389665 -0.29828198  0.80007154]]\n"
     ]
    },
    {
     "name": "stderr",
     "output_type": "stream",
     "text": [
      "\n",
      "Participant: 500it [06:32,  1.27it/s]"
     ]
    },
    {
     "name": "stdout",
     "output_type": "stream",
     "text": [
      "Iteration: 58 [-1.89385948  0.72905802 -0.89086216 -0.63376073] [[ 1.4414403  -1.14696348  0.68095982 -0.48625821]\n",
      " [-1.14696348  0.92513648 -0.54639966  0.38805093]\n",
      " [ 0.68095982 -0.54639966  0.5705885  -0.31969841]\n",
      " [-0.48625821  0.38805093 -0.31969841  0.82898448]]\n"
     ]
    },
    {
     "name": "stderr",
     "output_type": "stream",
     "text": [
      "\n",
      "Participant: 500it [06:10,  1.35it/s]"
     ]
    },
    {
     "name": "stdout",
     "output_type": "stream",
     "text": [
      "Iteration: 59 [-1.89345003  0.72902705 -0.88905646 -0.63116968] [[ 1.44776305 -1.15159908  0.68802689 -0.52477893]\n",
      " [-1.15159908  0.92843797 -0.55199276  0.41879109]\n",
      " [ 0.68802689 -0.55199276  0.57590058 -0.34287263]\n",
      " [-0.52477893  0.41879109 -0.34287263  0.87187678]]\n"
     ]
    },
    {
     "name": "stderr",
     "output_type": "stream",
     "text": [
      "\n",
      "Participant: 500it [06:26,  1.29it/s]"
     ]
    },
    {
     "name": "stdout",
     "output_type": "stream",
     "text": [
      "Iteration: 60 [-1.89361124  0.72948191 -0.8875153  -0.62806256] [[ 1.44808469 -1.15132033  0.69424455 -0.55673371]\n",
      " [-1.15132033  0.92771171 -0.5567412   0.44413041]\n",
      " [ 0.69424455 -0.5567412   0.57998792 -0.36184629]\n",
      " [-0.55673371  0.44413041 -0.36184629  0.8925098 ]]\n"
     ]
    },
    {
     "name": "stderr",
     "output_type": "stream",
     "text": [
      "\n",
      "Participant: 500it [06:07,  1.36it/s]"
     ]
    },
    {
     "name": "stdout",
     "output_type": "stream",
     "text": [
      "Iteration: 61 [-1.8934444   0.72964088 -0.88581555 -0.62474698] [[ 1.46647548 -1.15989309  0.7004023  -0.5838994 ]\n",
      " [-1.15989309  0.93135568 -0.56099471  0.46754112]\n",
      " [ 0.7004023  -0.56099471  0.58309499 -0.3829548 ]\n",
      " [-0.5838994   0.46754112 -0.3829548   0.92581366]]\n"
     ]
    },
    {
     "name": "stderr",
     "output_type": "stream",
     "text": [
      "\n",
      "Participant: 500it [06:25,  1.30it/s]"
     ]
    },
    {
     "name": "stdout",
     "output_type": "stream",
     "text": [
      "Iteration: 62 [-1.89215707  0.72944652 -0.88456442 -0.62140888] [[ 1.46869609 -1.1625101   0.7116936  -0.64019883]\n",
      " [-1.1625101   0.93397523 -0.57033563  0.51294488]\n",
      " [ 0.7116936  -0.57033563  0.58652726 -0.414543  ]\n",
      " [-0.64019883  0.51294488 -0.414543    1.0121673 ]]\n"
     ]
    },
    {
     "name": "stderr",
     "output_type": "stream",
     "text": [
      "\n",
      "Participant: 500it [06:22,  1.31it/s]"
     ]
    },
    {
     "name": "stdout",
     "output_type": "stream",
     "text": [
      "Iteration: 63 [-1.89212604  0.73002463 -0.88301484 -0.61762851] [[ 1.46101152 -1.15691671  0.70733186 -0.67932395]\n",
      " [-1.15691671  0.92976947 -0.56653551  0.54458528]\n",
      " [ 0.70733186 -0.56653551  0.58988997 -0.42019324]\n",
      " [-0.67932395  0.54458528 -0.42019324  1.06961601]]\n"
     ]
    },
    {
     "name": "stderr",
     "output_type": "stream",
     "text": [
      "\n",
      "Participant: 500it [06:13,  1.34it/s]"
     ]
    },
    {
     "name": "stdout",
     "output_type": "stream",
     "text": [
      "Iteration: 64 [-1.89282927  0.73101994 -0.8822373  -0.61359533] [[ 1.45773217 -1.15475896  0.71266507 -0.71333989]\n",
      " [-1.15475896  0.92845763 -0.57196425  0.57067207]\n",
      " [ 0.71266507 -0.57196425  0.59738846 -0.43858851]\n",
      " [-0.71333989  0.57067207 -0.43858851  1.1001537 ]]\n"
     ]
    },
    {
     "name": "stderr",
     "output_type": "stream",
     "text": [
      "\n",
      "Participant: 500it [06:15,  1.33it/s]"
     ]
    },
    {
     "name": "stdout",
     "output_type": "stream",
     "text": [
      "Iteration: 65 [-1.89344354  0.73179758 -0.88127544 -0.60938695] [[ 1.45792189 -1.15488095  0.71740203 -0.74547359]\n",
      " [-1.15488095  0.92835588 -0.57564394  0.59592507]\n",
      " [ 0.71740203 -0.57564394  0.5998514  -0.45954389]\n",
      " [-0.74547359  0.59592507 -0.45954389  1.12770971]]\n"
     ]
    },
    {
     "name": "stderr",
     "output_type": "stream",
     "text": [
      "\n",
      "Participant: 500it [06:08,  1.36it/s]"
     ]
    },
    {
     "name": "stdout",
     "output_type": "stream",
     "text": [
      "Iteration: 66 [-1.89361834  0.73216328 -0.88004141 -0.60497113] [[ 1.46033497 -1.1562681   0.72327595 -0.78269982]\n",
      " [-1.1562681   0.92893154 -0.58006575  0.62468017]\n",
      " [ 0.72327595 -0.58006575  0.6026025  -0.48890069]\n",
      " [-0.78269982  0.62468017 -0.48890069  1.2169962 ]]\n"
     ]
    },
    {
     "name": "stderr",
     "output_type": "stream",
     "text": [
      "\n",
      "Participant: 500it [06:16,  1.33it/s]"
     ]
    },
    {
     "name": "stdout",
     "output_type": "stream",
     "text": [
      "Iteration: 67 [-1.89327304  0.73215898 -0.87836576 -0.60060429] [[ 1.50132898 -1.17711905  0.73764049 -0.8785275 ]\n",
      " [-1.17711905  0.93956304 -0.58947635  0.68311939]\n",
      " [ 0.73764049 -0.58947635  0.612494   -0.53344822]\n",
      " [-0.8785275   0.68311939 -0.53344822  1.36435006]]\n"
     ]
    },
    {
     "name": "stderr",
     "output_type": "stream",
     "text": [
      "\n",
      "Participant: 500it [06:20,  1.32it/s]"
     ]
    },
    {
     "name": "stdout",
     "output_type": "stream",
     "text": [
      "Iteration: 68 [-1.89123612  0.73197686 -0.87777925 -0.59624116] [[ 1.48031715 -1.16248802  0.73516658 -0.90235875]\n",
      " [-1.16248802  0.92946238 -0.58795366  0.70313411]\n",
      " [ 0.73516658 -0.58795366  0.61061373 -0.55242035]\n",
      " [-0.90235875  0.70313411 -0.55242035  1.38486329]]\n"
     ]
    },
    {
     "name": "stderr",
     "output_type": "stream",
     "text": [
      "\n",
      "Participant: 500it [06:03,  1.37it/s]"
     ]
    },
    {
     "name": "stdout",
     "output_type": "stream",
     "text": [
      "Iteration: 69 [-1.89101251  0.73250835 -0.87737541 -0.59046839] [[ 1.4774974  -1.16106202  0.74211327 -0.93863115]\n",
      " [-1.16106202  0.92849093 -0.59331091  0.73215487]\n",
      " [ 0.74211327 -0.59331091  0.6171437  -0.57611063]\n",
      " [-0.93863115  0.73215487 -0.57611063  1.42662994]]\n"
     ]
    },
    {
     "name": "stderr",
     "output_type": "stream",
     "text": [
      "\n",
      "Participant: 500it [06:24,  1.30it/s]"
     ]
    },
    {
     "name": "stdout",
     "output_type": "stream",
     "text": [
      "Iteration: 70 [-1.89080823  0.7327704  -0.87643611 -0.58446175] [[ 1.47713064 -1.1614141   0.7480888  -0.97322014]\n",
      " [-1.1614141   0.92882411 -0.59798616  0.75963931]\n",
      " [ 0.7480888  -0.59798616  0.62218814 -0.59960056]\n",
      " [-0.97322014  0.75963931 -0.59960056  1.46416602]]\n"
     ]
    },
    {
     "name": "stderr",
     "output_type": "stream",
     "text": [
      "\n",
      "Participant: 500it [06:22,  1.31it/s]"
     ]
    },
    {
     "name": "stdout",
     "output_type": "stream",
     "text": [
      "Iteration: 71 [-1.89088882  0.73309064 -0.87537708 -0.57796611] [[ 1.48052588 -1.16433879  0.75533236 -1.01012842]\n",
      " [-1.16433879  0.9309404  -0.60353145  0.78902237]\n",
      " [ 0.75533236 -0.60353145  0.62494953 -0.62373431]\n",
      " [-1.01012842  0.78902237 -0.62373431  1.49584893]]\n"
     ]
    },
    {
     "name": "stderr",
